0 0.0953125 0.04921875 0.15 0.0859375
0 0.48203125 0.15078125 0.1859375 0.0984375
0 0.6890625 0.14765625 0.16875 0.0859375
0 0.1078125 0.25625 0.178125 0.09375
0 0.1109375 0.3578125 0.18125 0.09375
0 0.6859375 0.346875 0.175 0.090625
0 0.89453125 0.2515625 0.1703125 0.0875
0 0.890625 0.34609375 0.18125 0.0984375
0 0.89375 0.44140625 0.16875 0.0953125
0 0.4859375 0.44765625 0.178125 0.0890625
0 0.6765625 0.44453125 0.18125 0.0953125
0 0.12109375 0.5578125 0.1703125 0.09375
0 0.52265625 0.5484375 0.1953125 0.1
0 0.7265625 0.54609375 0.175 0.0859375
0 0.103125 0.65078125 0.18125 0.0890625
0 0.26171875 0.61796875 0.1390625 0.0703125
0 0.459375 0.74296875 0.190625 0.0984375
0 0.66875 0.7421875 0.203125 0.1
0 0.8859375 0.73046875 0.2 0.1046875
0 0.1125 0.840625 0.184375 0.09375
0 0.10859375 0.9390625 0.1765625 0.090625
0 0.31328125 0.915625 0.2109375 0.1125
0 0.8890625 0.9375 0.19375 0.1
0 0.11015625 0.15546875 0.1796875 0.0953125
0 0.90078125 0.6296875 0.1484375 0.071875