0 0.1546875 0.309375 0.0875 0.178125
0 0.25 0.30859375 0.0875 0.1828125
0 0.353125 0.30859375 0.084375 0.1765625
0 0.45234375 0.31796875 0.0953125 0.1796875
0 0.73828125 0.11953125 0.0984375 0.2078125
0 0.63984375 0.10234375 0.0765625 0.1484375
0 0.3546875 0.109375 0.08125 0.18125
0 0.1578125 0.50859375 0.103125 0.1890625
0 0.35078125 0.51328125 0.0859375 0.1796875
0 0.55 0.47890625 0.0875 0.2015625
0 0.45 0.51328125 0.09375 0.1890625
0 0.7484375 0.34140625 0.103125 0.1984375
0 0.9453125 0.12421875 0.096875 0.2046875
0 0.9125 0.69921875 0.115625 0.2203125
0 0.93203125 0.9015625 0.0921875 0.178125
0 0.70078125 0.73046875 0.0796875 0.1609375
0 0.61640625 0.73671875 0.0640625 0.1359375
0 0.64375 0.89921875 0.0875 0.1734375
0 0.8328125 0.88984375 0.103125 0.1921875
0 0.246875 0.88515625 0.08125 0.1828125
0 0.346875 0.88984375 0.09375 0.1859375