0 0.371875 0.87421875 0.1875 0.1109375
0 0.35546875 0.78046875 0.1921875 0.1109375
0 0.33671875 0.67890625 0.1859375 0.1078125
0 0.328125 0.5796875 0.190625 0.11875
0 0.09609375 0.33203125 0.1921875 0.1265625
0 0.084375 0.43203125 0.15625 0.0953125
0 0.14140625 0.71171875 0.1890625 0.1046875
0 0.56796875 0.8359375 0.2015625 0.128125
0 0.53984375 0.646875 0.1890625 0.109375
0 0.46953125 0.45390625 0.2109375 0.1140625
0 0.521875 0.546875 0.2 0.11875
0 0.3 0.28359375 0.209375 0.1296875
0 0.0796875 0.1265625 0.159375 0.125
0 0.625 0.06640625 0.234375 0.1328125
0 0.81953125 0.03125 0.1890625 0.0625
0 0.6921875 0.2625 0.16875 0.1
0 0.71328125 0.34609375 0.1421875 0.0828125
0 0.86953125 0.28984375 0.1828125 0.1109375
0 0.82578125 0.1046875 0.2046875 0.128125
0 0.9140625 0.68125 0.171875 0.10625
0 0.90546875 0.5828125 0.1890625 0.11875