0 0.928125 0.07421875 0.09375 0.1484375
0 0.84765625 0.46484375 0.1078125 0.1890625
0 0.8625 0.66953125 0.096875 0.1734375
0 0.7234375 0.09453125 0.103125 0.1828125
0 0.621875 0.10390625 0.103125 0.1859375
0 0.6625 0.67734375 0.1 0.1796875
0 0.76875 0.88125 0.096875 0.175
0 0.67421875 0.88203125 0.1078125 0.1859375
0 0.5796875 0.88984375 0.10625 0.1734375
0 0.5515625 0.48359375 0.1 0.1828125
0 0.56484375 0.67421875 0.1046875 0.1859375
0 0.4234375 0.125 0.103125 0.175
0 0.453125 0.525 0.109375 0.2
0 0.465625 0.72890625 0.096875 0.1796875
0 0.3296875 0.11171875 0.1 0.1859375
0 0.36953125 0.26796875 0.0796875 0.1421875
0 0.25546875 0.47109375 0.1078125 0.1953125
0 0.26796875 0.68046875 0.1109375 0.2078125
0 0.290625 0.89765625 0.115625 0.2046875
0 0.140625 0.13046875 0.103125 0.1890625
0 0.0453125 0.13125 0.090625 0.18125
0 0.07578125 0.33515625 0.1234375 0.2171875
0 0.0828125 0.90546875 0.109375 0.1890625
0 0.82421875 0.0921875 0.1046875 0.184375
0 0.39140625 0.9078125 0.0796875 0.15